C:\Users\capma\Documents\GitHub\PuzzleMDCV\venv\Scripts\python.exe C:\Users\capma\Documents\GitHub\PuzzleMDCV\contouring.py 
Length of filtered contours: 24
Number of color changes on the plot: 7
(158, 1100)
(157, 1101)
(156, 1101)
(155, 1101)
(154, 1101)
(153, 1101)
(152, 1101)
(151, 1101)
(150, 1101)
(149, 1101)
(148, 1101)
(147, 1101)
(146, 1101)
(145, 1101)
(144, 1101)
(143, 1101)
(142, 1102)
(141, 1102)
(140, 1102)
(139, 1102)
(138, 1102)
(137, 1102)
(136, 1102)
(135, 1102)
(134, 1102)
(133, 1102)
(132, 1102)
(131, 1102)
(130, 1102)
(129, 1102)
(128, 1102)
(127, 1103)
(126, 1103)
(125, 1104)
(124, 1104)
(123, 1105)
(122, 1106)
(122, 1107)
(121, 1108)
(120, 1109)
(120, 1110)
(119, 1111)
(119, 1112)
(119, 1113)
(119, 1114)
(119, 1115)
(119, 1116)
(119, 1117)
(119, 1118)
(119, 1119)
(119, 1120)
(119, 1121)
(119, 1122)
(120, 1123)
(121, 1124)
(122, 1125)
(122, 1126)
(123, 1127)
(124, 1128)
(125, 1129)
(125, 1130)
(126, 1131)
(125, 1132)
(125, 1133)
(125, 1134)
(124, 1135)
(123, 1136)
(123, 1137)
(122, 1138)
(121, 1138)
(120, 1139)
(119, 1140)
(118, 1140)
(117, 1141)
(116, 1141)
(115, 1142)
(114, 1142)
(113, 1142)
(112, 1142)
(111, 1142)
(110, 1142)
(109, 1142)
(108, 1142)
(107, 1142)
(106, 1142)
(105, 1142)
(104, 1142)
(103, 1142)
(102, 1142)
(101, 1142)
(100, 1141)
(99, 1141)
(98, 1140)
(97, 1139)
(96, 1138)
(95, 1137)
(94, 1136)
(94, 1135)
(93, 1134)
(93, 1133)
(93, 1132)
(93, 1131)
(93, 1130)
(93, 1129)
(94, 1128)
(94, 1127)
(95, 1126)
(95, 1125)
(96, 1124)
(97, 1123)
(98, 1122)
(98, 1121)
(99, 1120)
(99, 1119)
(99, 1118)
(99, 1117)
(99, 1116)
(99, 1115)
(99, 1114)
(99, 1113)
(99, 1112)
(98, 1111)
(98, 1110)
(97, 1109)
(96, 1109)
(95, 1108)
(94, 1108)
(93, 1108)
(92, 1107)
(91, 1107)
(90, 1107)
(89, 1107)
(88, 1107)
(87, 1106)
(86, 1106)
(85, 1106)
(84, 1106)
(83, 1106)
(82, 1106)
(81, 1106)
(80, 1106)
(79, 1106)
(78, 1106)
(77, 1106)
(76, 1106)
(75, 1107)
(74, 1107)
(73, 1107)
(72, 1107)
(71, 1107)
(70, 1107)
(69, 1107)
(68, 1107)
(67, 1108)
(66, 1108)
(65, 1108)
(64, 1108)
(63, 1108)
(62, 1108)
(61, 1109)
(60, 1109)
(59, 1109)
(58, 1109)
(57, 1109)
(56, 1109)
(55, 1109)
(54, 1109)
(53, 1109)
(52, 1109)
(51, 1109)
(50, 1110)
(49, 1110)
(48, 1110)
(47, 1110)
(46, 1110)
(45, 1110)
(45, 1111)
(44, 1112)
(44, 1113)
(44, 1114)
(43, 1115)
(43, 1116)
(43, 1117)
(43, 1118)
(43, 1119)
(43, 1120)
(43, 1121)
(43, 1122)
(43, 1123)
(43, 1124)
(43, 1125)
(43, 1126)
(43, 1127)
(43, 1128)
(43, 1129)
(43, 1130)
(43, 1131)
(43, 1132)
(43, 1133)
(44, 1134)
(44, 1135)
(44, 1136)
(44, 1137)
(44, 1138)
(44, 1139)
(44, 1140)
(44, 1141)
(44, 1142)
(44, 1143)
(44, 1144)
(44, 1145)
(44, 1146)
(44, 1147)
(44, 1148)
(44, 1149)
(44, 1150)
(44, 1151)
(44, 1152)
(44, 1153)
(44, 1154)
(44, 1155)
(44, 1156)
(44, 1157)
(44, 1158)
(44, 1159)
(44, 1160)
(44, 1161)
(44, 1162)
(44, 1163)
(44, 1164)
(44, 1165)
(44, 1166)
(44, 1167)
(44, 1168)
(44, 1169)
(45, 1170)
(45, 1171)
(45, 1172)
(45, 1173)
(45, 1174)
(45, 1175)
(45, 1176)
(45, 1177)
(45, 1178)
(45, 1179)
(45, 1180)
(45, 1181)
(45, 1182)
(45, 1183)
(45, 1184)
(45, 1185)
(45, 1186)
(45, 1187)
(45, 1188)
(45, 1189)
(45, 1190)
(46, 1191)
(46, 1192)
(46, 1193)
(46, 1194)
(46, 1195)
(46, 1196)
(46, 1197)
(46, 1198)
(46, 1199)
(46, 1200)
(46, 1201)
(46, 1202)
(46, 1203)
(46, 1204)
(46, 1205)
(46, 1206)
(46, 1207)
(46, 1208)
(47, 1209)
(47, 1210)
(47, 1211)
(47, 1212)
(47, 1213)
(47, 1214)
(47, 1215)
(47, 1216)
(47, 1217)
(47, 1218)
(47, 1219)
(47, 1220)
(47, 1221)
(47, 1222)
(47, 1223)
(47, 1224)
(48, 1225)
(48, 1226)
(48, 1227)
(49, 1228)
(50, 1228)
(51, 1228)
(52, 1228)
(53, 1228)
(54, 1228)
(55, 1228)
(56, 1228)
(57, 1228)
(58, 1228)
(59, 1228)
(60, 1228)
(61, 1228)
(62, 1228)
(63, 1228)
(64, 1228)
(65, 1228)
(66, 1228)
(67, 1228)
(68, 1228)
(69, 1227)
(70, 1227)
(71, 1227)
(72, 1227)
(73, 1226)
(74, 1226)
(75, 1226)
(76, 1226)
(77, 1226)
(78, 1226)
(79, 1225)
(80, 1225)
(81, 1225)
(82, 1225)
(83, 1225)
(84, 1225)
(85, 1224)
(86, 1224)
(87, 1224)
(88, 1224)
(89, 1224)
(90, 1224)
(91, 1224)
(92, 1223)
(93, 1222)
(94, 1221)
(95, 1220)
(95, 1219)
(95, 1218)
(95, 1217)
(96, 1216)
(96, 1215)
(97, 1214)
(97, 1213)
(97, 1212)
(97, 1211)
(97, 1210)
(97, 1209)
(97, 1208)
(96, 1207)
(96, 1206)
(95, 1205)
(95, 1204)
(95, 1203)
(95, 1202)
(94, 1201)
(94, 1200)
(94, 1199)
(94, 1198)
(94, 1197)
(95, 1196)
(96, 1195)
(97, 1194)
(98, 1193)
(99, 1193)
(100, 1192)
(101, 1192)
(102, 1191)
(103, 1190)
(104, 1190)
(105, 1190)
(106, 1189)
(107, 1189)
(108, 1189)
(109, 1189)
(110, 1189)
(111, 1189)
(112, 1189)
(113, 1189)
(114, 1190)
(115, 1190)
(116, 1191)
(117, 1191)
(118, 1192)
(119, 1192)
(120, 1193)
(121, 1194)
(121, 1195)
(122, 1196)
(122, 1197)
(122, 1198)
(121, 1199)
(120, 1200)
(120, 1201)
(119, 1202)
(119, 1203)
(119, 1204)
(118, 1205)
(118, 1206)
(118, 1207)
(117, 1208)
(117, 1209)
(117, 1210)
(117, 1211)
(117, 1212)
(116, 1213)
(116, 1214)
(116, 1215)
(116, 1216)
(117, 1217)
(117, 1218)
(118, 1219)
(118, 1220)
(119, 1221)
(120, 1221)
(121, 1221)
(122, 1222)
(123, 1222)
(124, 1222)
(125, 1222)
(126, 1222)
(127, 1222)
(128, 1222)
(129, 1222)
(130, 1222)
(131, 1222)
(132, 1222)
(133, 1222)
(134, 1222)
(135, 1221)
(136, 1221)
(137, 1221)
(138, 1221)
(139, 1221)
(140, 1221)
(141, 1221)
(142, 1221)
(143, 1221)
(144, 1221)
(145, 1221)
(146, 1221)
(147, 1220)
(148, 1220)
(149, 1220)
(150, 1220)
(151, 1219)
(152, 1219)
(153, 1219)
(154, 1219)
(155, 1219)
(156, 1218)
(157, 1218)
(158, 1218)
(159, 1218)
(160, 1218)
(161, 1217)
(162, 1217)
(163, 1217)
(164, 1217)
(165, 1217)
(166, 1216)
(167, 1216)
(168, 1216)
(169, 1216)
(170, 1215)
(171, 1215)
(172, 1215)
(173, 1215)
(174, 1215)
(175, 1214)
(176, 1213)
(176, 1212)
(176, 1211)
(176, 1210)
(176, 1209)
(176, 1208)
(176, 1207)
(176, 1206)
(176, 1205)
(176, 1204)
(176, 1203)
(176, 1202)
(176, 1201)
(176, 1200)
(175, 1199)
(175, 1198)
(175, 1197)
(174, 1196)
(174, 1195)
(174, 1194)
(173, 1193)
(173, 1192)
(173, 1191)
(173, 1190)
(173, 1189)
(173, 1188)
(172, 1187)
(172, 1186)
(172, 1185)
(172, 1184)
(172, 1183)
(172, 1182)
(172, 1181)
(172, 1180)
(172, 1179)
(172, 1178)
(173, 1177)
(173, 1176)
(174, 1175)
(175, 1175)
(176, 1174)
(177, 1174)
(178, 1173)
(179, 1173)
(180, 1173)
(181, 1173)
(182, 1173)
(183, 1173)
(184, 1173)
(185, 1174)
(186, 1174)
(187, 1174)
(188, 1174)
(189, 1174)
(190, 1174)
(191, 1174)
(192, 1174)
(193, 1174)
(194, 1173)
(195, 1173)
(196, 1173)
(197, 1172)
(198, 1171)
(199, 1170)
(200, 1169)
(201, 1168)
(202, 1168)
(202, 1167)
(203, 1166)
(204, 1165)
(204, 1164)
(205, 1163)
(205, 1162)
(206, 1161)
(206, 1160)
(206, 1159)
(206, 1158)
(206, 1157)
(206, 1156)
(207, 1155)
(207, 1154)
(207, 1153)
(207, 1152)
(207, 1151)
(207, 1150)
(207, 1149)
(207, 1148)
(207, 1147)
(206, 1146)
(206, 1145)
(206, 1144)
(206, 1143)
(206, 1142)
(205, 1141)
(205, 1140)
(204, 1139)
(203, 1138)
(202, 1137)
(202, 1136)
(201, 1136)
(200, 1135)
(199, 1135)
(198, 1135)
(197, 1135)
(196, 1135)
(195, 1135)
(194, 1135)
(193, 1135)
(192, 1135)
(191, 1135)
(190, 1135)
(189, 1136)
(188, 1137)
(187, 1138)
(186, 1139)
(185, 1140)
(184, 1141)
(183, 1142)
(182, 1142)
(181, 1143)
(180, 1143)
(179, 1144)
(178, 1144)
(177, 1144)
(176, 1144)
(175, 1144)
(174, 1143)
(173, 1143)
(172, 1142)
(172, 1141)
(171, 1140)
(171, 1139)
(170, 1138)
(170, 1137)
(169, 1136)
(169, 1135)
(169, 1134)
(169, 1133)
(169, 1132)
(169, 1131)
(169, 1130)
(169, 1129)
(169, 1128)
(168, 1127)
(168, 1126)
(168, 1125)
(168, 1124)
(168, 1123)
(168, 1122)
(168, 1121)
(168, 1120)
(168, 1119)
(168, 1118)
(168, 1117)
(168, 1116)
(168, 1115)
(168, 1114)
(168, 1113)
(168, 1112)
(168, 1111)
(168, 1110)
(168, 1109)
(168, 1108)
(168, 1107)
(168, 1106)
(168, 1105)
(168, 1104)
(168, 1103)
(168, 1102)
(167, 1101)
(166, 1101)
(165, 1100)
(164, 1100)
(163, 1100)
(162, 1100)
(161, 1100)
(160, 1100)
(159, 1100)
Angle: 90.0°, Points: [(124, 1128), (125, 1129), (126, 1131), (125, 1132)]
Angle: 90.0°, Points: [(48, 1110), (47, 1110), (45, 1110), (45, 1111)]
Angle: 90.0°, Points: [(48, 1225), (48, 1226), (49, 1228), (50, 1228)]
Angle: 90.0°, Points: [(118, 1192), (119, 1192), (121, 1194), (121, 1195)]
Angle: 90.0°, Points: [(118, 1219), (118, 1220), (120, 1221), (121, 1221)]
Angle: 90.0°, Points: [(173, 1215), (174, 1215), (176, 1213), (176, 1212)]
Angle: 90.0°, Points: [(202, 1137), (202, 1136), (200, 1135), (199, 1135)]
Angle: 90.0°, Points: [(168, 1104), (168, 1103), (167, 1101), (166, 1101)]
My informative points of length: 8 are: [(125, 1130), (46, 1110), (48, 1227), (120, 1193), (119, 1221), (175, 1214), (201, 1136), (168, 1102)]
Coins: [(46,1110),(48,1227),(175,1214),(168,1102)]
Process finished with exit code 0